<?xml version="1.0" encoding="utf-8"?>
<COLLADA xmlns="http://www.collada.org/2005/11/COLLADASchema" version="1.4.1">
  <asset><contributor><author>Mixamo</author><authoring_tool>COLLADA Mixamo exporter</authoring_tool><comments></comments></contributor><created>2018-12-03T23:51:41Z</created><modified>2018-12-03T23:51:41Z</modified><revision></revision><title></title><unit meter="0.010000"/><up_axis>Y_UP</up_axis></asset>
  <library_animations>
    <animation id="Hips-anim" name="Hips"><source id="Hips-Matrix-animation-input"><float_array id="Hips-Matrix-animation-input-array" count="23">

0.000000 0.033333 0.066667 0.100000 0.133333 0.166667 0.200000 0.233333 0.266667 0.300000 0.333333 0.366667 0.400000 0.433333 0.466667 0.500000
0.533333 0.566667 0.600000 0.633333 0.666667 0.700000 0.733333</float_array><technique_common><accessor source="#Hips-Matrix-animation-input-array" count="23"><param name="TIME" type="float"/></accessor></technique_common></source><source id="Hips-Matrix-animation-output-transform"><float_array id="Hips-Matrix-animation-output-transform-array" count="368">

0.997849 -0.064691 0.010576 -0.071178 0.063485 0.993933 0.089819 89.355087 -0.016322 -0.088954 0.995902 -2.021133 0.000000 0.000000 0.000000 1.000000
0.995847 -0.081372 -0.040835 -0.168967 0.083977 0.994230 0.066739 90.246063 0.035169 -0.069891 0.996934 -2.172201 0.000000 0.000000 0.000000 1.000000
0.991983 -0.099093 -0.078429 0.270884 0.101935 0.994241 0.033088 91.427551 0.074698 -0.040817 0.996370 -1.796809 0.000000 0.000000 0.000000 1.000000
0.989205 -0.108962 -0.097980 1.229442 0.108979 0.994031 -0.005191 92.650864 0.097960 -0.005543 0.995175 -0.720374 0.000000 0.000000 0.000000 1.000000
0.988745 -0.108257 -0.103262 2.643878 0.104728 0.993735 -0.039024 93.650391 0.106839 0.027770 0.993888 0.966853 0.000000 0.000000 0.000000 1.000000
0.989541 -0.101143 -0.102848 4.405144 0.095309 0.993629 -0.060153 94.157837 0.108277 0.049722 0.992877 2.804508 0.000000 0.000000 0.000000 1.000000
0.990001 -0.093989 -0.105190 6.319414 0.087475 0.994049 -0.064923 93.927025 0.110666 0.055072 0.992331 4.232432 0.000000 0.000000 0.000000 1.000000
0.989579 -0.091146 -0.111467 8.221529 0.085318 0.994780 -0.055987 92.983131 0.115988 0.045893 0.992190 4.844812 0.000000 0.000000 0.000000 1.000000
0.989358 -0.092494 -0.112317 9.966666 0.088401 0.995245 -0.040905 91.557121 0.115567 0.030540 0.992830 4.537145 0.000000 0.000000 0.000000 1.000000
0.991205 -0.095944 -0.091150 11.354750 0.093765 0.995203 -0.027908 90.161163 0.093390 0.019116 0.995446 3.243334 0.000000 0.000000 0.000000 1.000000
0.994974 -0.094260 -0.033805 12.243538 0.093576 0.995385 -0.021276 89.045715 0.035654 0.018006 0.999202 1.356577 0.000000 0.000000 0.000000 1.000000
0.995324 -0.082581 0.050114 12.655235 0.083499 0.996371 -0.016515 88.441284 -0.048568 0.020622 0.998607 -0.669534 0.000000 0.000000 0.000000 1.000000
0.988452 -0.065850 0.136478 12.614519 0.067589 0.997680 -0.008138 88.316261 -0.135625 0.017268 0.990610 -1.963939 0.000000 0.000000 0.000000 1.000000
0.981003 -0.051110 0.187140 12.143991 0.048707 0.998661 0.017417 88.860352 -0.187780 -0.007971 0.982179 -3.034561 0.000000 0.000000 0.000000 1.000000
0.979746 -0.044834 0.195160 11.187497 0.035399 0.998042 0.051571 89.858093 -0.197090 -0.043618 0.979415 -3.377083 0.000000 0.000000 0.000000 1.000000
0.981285 -0.048329 0.186396 9.836873 0.035057 0.996653 0.073854 90.577805 -0.189342 -0.065937 0.979695 -3.013360 0.000000 0.000000 0.000000 1.000000
0.983576 -0.057176 0.171198 8.225160 0.042909 0.995378 0.085911 90.925354 -0.175319 -0.077154 0.981484 -2.250816 0.000000 0.000000 0.000000 1.000000
0.985137 -0.064815 0.159074 6.434823 0.050836 0.994605 0.090429 90.844788 -0.164077 -0.080998 0.983117 -1.423072 0.000000 0.000000 0.000000 1.000000
0.986388 -0.066555 0.150363 4.604860 0.053024 0.994320 0.092279 90.368240 -0.155650 -0.083050 0.984315 -0.802454 0.000000 0.000000 0.000000 1.000000
0.988666 -0.062443 0.136531 2.919903 0.049642 0.994216 0.095236 89.643372 -0.141689 -0.087379 0.986047 -0.591828 0.000000 0.000000 0.000000 1.000000
0.992508 -0.056281 0.108447 1.548774 0.045521 0.994020 0.099258 89.110123 -0.113385 -0.093577 0.989135 -0.933716 0.000000 0.000000 0.000000 1.000000
0.996372 -0.055535 0.064491 0.543325 0.048935 0.993806 0.099770 88.988396 -0.069632 -0.096252 0.992918 -1.539210 0.000000 0.000000 0.000000 1.000000
0.997849 -0.064691 0.010576 -0.071178 0.063485 0.993933 0.089818 89.355087 -0.016323 -0.088954 0.995902 -2.021132 0.000000 0.000000 0.000000 1.000000</float_array><technique_common><accessor source="#Hips-Matrix-animation-output-transform-array" count="23" stride="16"><param type="float4x4"/></accessor></technique_common></source><source id="Hips-Interpolations"><Name_array id="Hips-Interpolations-array" count="23">
 LINEAR LINEAR LINEAR LINEAR LINEAR LINEAR LINEAR LINEAR LINEAR LINEAR LINEAR
LINEAR LINEAR LINEAR LINEAR LINEAR LINEAR LINEAR LINEAR LINEAR LINEAR LINEAR LINEAR</Name_array><technique_common><accessor source="#Hips-Interpolations-array" count="23"><param type="name"/></accessor></technique_common></source><sampler id="Hips-Matrix-animation-transform"><input semantic="INPUT" source="#Hips-Matrix-animation-input"/><input semantic="OUTPUT" source="#Hips-Matrix-animation-output-transform"/><input semantic="INTERPOLATION" source="#Hips-Interpolations"/></sampler><channel source="#Hips-Matrix-animation-transform" target="Hips/matrix"/></animation>
    <animation id="Spine-anim" name="Spine"><source id="Spine-Matrix-animation-input"><float_array id="Spine-Matrix-animation-input-array" count="23">

0.000000 0.033333 0.066667 0.100000 0.133333 0.166667 0.200000 0.233333 0.266667 0.300000 0.333333 0.366667 0.400000 0.433333 0.466667 0.500000
0.533333 0.566667 0.600000 0.633333 0.666667 0.700000 0.733333</float_array><technique_common><accessor source="#Spine-Matrix-animation-input-array" count="23"><param name="TIME" type="float"/></accessor></technique_common></source><source id="Spine-Matrix-animation-output-transform"><float_array id="Spine-Matrix-animation-output-transform-array" count="368">

0.964411 -0.264396 -0.002372 0.030900 0.139485 0.516364 -0.844933 11.006600 0.224622 0.814532 0.534867 0.107900 0.000000 0.000000 0.000000 1.000000
0.979727 -0.195412 0.044152 0.030900 0.146403 0.547924 -0.823618 11.006600 0.136753 0.813384 0.565424 0.107900 0.000000 0.000000 0.000000 1.000000
0.989486 -0.116139 0.086196 0.030900 0.139571 0.610508 -0.779615 11.006600 0.037921 0.783449 0.620298 0.107900 0.000000 0.000000 0.000000 1.000000
0.991118 -0.036398 0.127908 0.030900 0.117705 0.687739 -0.716352 11.006600 -0.061893 0.725045 0.685915 0.107900 0.000000 0.000000 0.000000 1.000000
0.984709 0.040014 0.169549 0.030900 0.080205 0.759844 -0.645139 11.006600 -0.154646 0.648873 0.745016 0.107900 0.000000 0.000000 0.000000 1.000000
0.971780 0.115175 0.205860 0.030900 0.027943 0.810349 -0.585281 11.006600 -0.234228 0.574517 0.784263 0.107900 0.000000 0.000000 0.000000 1.000000
0.954356 0.191411 0.229273 0.030900 -0.032945 0.830424 -0.556157 11.006600 -0.296849 0.523218 0.798826 0.107900 0.000000 0.000000 0.000000 1.000000
0.935948 0.264560 0.232399 0.030900 -0.090893 0.819103 -0.566400 11.006600 -0.340206 0.508998 0.790684 0.107900 0.000000 0.000000 0.000000 1.000000
0.923235 0.320850 0.211406 0.030900 -0.132559 0.782385 -0.608524 11.006600 -0.360646 0.533787 0.764857 0.107900 0.000000 0.000000 0.000000 1.000000
0.925022 0.341009 0.167470 0.030900 -0.150589 0.733817 -0.662447 11.006600 -0.348793 0.587559 0.730150 0.107900 0.000000 0.000000 0.000000 1.000000
0.947137 0.300774 0.111652 0.030900 -0.137613 0.695234 -0.705487 11.006600 -0.289817 0.652828 0.699872 0.107900 0.000000 0.000000 0.000000 1.000000
0.977743 0.202865 0.053519 0.030900 -0.099065 0.671255 -0.734577 11.006600 -0.184945 0.712926 0.676411 0.107900 0.000000 0.000000 0.000000 1.000000
0.996559 0.082813 -0.003379 0.030900 -0.056502 0.648986 -0.758699 11.006600 -0.060638 0.756280 0.651432 0.107900 0.000000 0.000000 0.000000 1.000000
0.998244 -0.022248 -0.054896 0.030900 -0.029126 0.622633 -0.781972 11.006600 0.051577 0.782198 0.620891 0.107900 0.000000 0.000000 0.000000 1.000000
0.988827 -0.106012 -0.104796 0.030900 -0.018232 0.611730 -0.790856 11.006600 0.147947 0.783931 0.602963 0.107900 0.000000 0.000000 0.000000 1.000000
0.972118 -0.176559 -0.154314 0.030900 -0.009619 0.627502 -0.778555 11.006600 0.234293 0.758332 0.608308 0.107900 0.000000 0.000000 0.000000 1.000000
0.953223 -0.232256 -0.193451 0.030900 0.003729 0.648985 -0.760792 11.006600 0.302246 0.724483 0.619494 0.107900 0.000000 0.000000 0.000000 1.000000
0.937060 -0.277412 -0.212039 0.030900 0.024297 0.657605 -0.752971 11.006600 0.348321 0.700427 0.622956 0.107900 0.000000 0.000000 0.000000 1.000000
0.927382 -0.313846 -0.203626 0.030900 0.049728 0.642867 -0.764362 11.006600 0.370796 0.698730 0.611790 0.107900 0.000000 0.000000 0.000000 1.000000
0.926310 -0.336859 -0.168747 0.030900 0.075960 0.605667 -0.792084 11.006600 0.369025 0.720897 0.586624 0.107900 0.000000 0.000000 0.000000 1.000000
0.933782 -0.338850 -0.115029 0.030900 0.101231 0.558461 -0.823331 11.006600 0.343225 0.757167 0.555783 0.107900 0.000000 0.000000 0.000000 1.000000
0.947626 -0.314424 -0.056063 0.030900 0.123364 0.522256 -0.843819 11.006600 0.294596 0.792708 0.533692 0.107900 0.000000 0.000000 0.000000 1.000000
0.964411 -0.264396 -0.002371 0.030900 0.139485 0.516363 -0.844934 11.006600 0.224622 0.814533 0.534866 0.107900 0.000000 0.000000 0.000000 1.000000</float_array><technique_common><accessor source="#Spine-Matrix-animation-output-transform-array" count="23" stride="16"><param type="float4x4"/></accessor></technique_common></source><source id="Spine-Interpolations"><Name_array id="Spine-Interpolations-array" count="23">
 LINEAR LINEAR LINEAR LINEAR LINEAR LINEAR LINEAR LINEAR LINEAR LINEAR LINEAR
LINEAR LINEAR LINEAR LINEAR LINEAR LINEAR LINEAR LINEAR LINEAR LINEAR LINEAR LINEAR</Name_array><technique_common><accessor source="#Spine-Interpolations-array" count="23"><param type="name"/></accessor></technique_common></source><sampler id="Spine-Matrix-animation-transform"><input semantic="INPUT" source="#Spine-Matrix-animation-input"/><input semantic="OUTPUT" source="#Spine-Matrix-animation-output-transform"/><input semantic="INTERPOLATION" source="#Spine-Interpolations"/></sampler><channel source="#Spine-Matrix-animation-transform" target="Spine/matrix"/></animation>
    <animation id="Spine1-anim" name="Spine1"><source id="Spine1-Matrix-animation-input"><float_array id="Spine1-Matrix-animation-input-array" count="23">

0.000000 0.033333 0.066667 0.100000 0.133333 0.166667 0.200000 0.233333 0.266667 0.300000 0.333333 0.366667 0.400000 0.433333 0.466667 0.500000
0.533333 0.566667 0.600000 0.633333 0.666667 0.700000 0.733333</float_array><technique_common><accessor source="#Spine1-Matrix-animation-input-array" count="23"><param name="TIME" type="float"/></accessor></technique_common></source><source id="Spine1-Matrix-animation-output-transform"><float_array id="Spine1-Matrix-animation-output-transform-array" count="368">

0.999614 0.014829 -0.023485 0.037200 -0.014102 0.999426 0.030816 11.271000 0.023929 -0.030473 0.999249 0.102300 0.000000 0.000000 0.000000 1.000000
0.999640 0.025256 -0.009028 0.037200 -0.024808 0.998602 0.046673 11.271000 0.010194 -0.046432 0.998869 0.102300 0.000000 0.000000 0.000000 1.000000
0.999204 0.039507 0.005452 0.037200 -0.039739 0.997837 0.052364 11.271000 -0.003371 -0.052539 0.998613 0.102300 0.000000 0.000000 0.000000 1.000000
0.998294 0.055269 0.018830 0.037200 -0.056110 0.997294 0.047497 11.271000 -0.016154 -0.048472 0.998694 0.102300 0.000000 0.000000 0.000000 1.000000
0.997219 0.068013 0.030481 0.037200 -0.069033 0.997043 0.033761 11.271000 -0.028095 -0.035771 0.998965 0.102300 0.000000 0.000000 0.000000 1.000000
0.996543 0.072747 0.040125 0.037200 -0.073408 0.997185 0.015266 11.271000 -0.038902 -0.018159 0.999078 0.102300 0.000000 0.000000 0.000000 1.000000
0.996667 0.066345 0.047476 0.037200 -0.066309 0.997796 -0.002321 11.271000 -0.047526 -0.000835 0.998870 0.102300 0.000000 0.000000 0.000000 1.000000
0.997436 0.049269 0.051910 0.037200 -0.048607 0.998721 -0.013949 11.271000 -0.052531 0.011390 0.998554 0.102300 0.000000 0.000000 0.000000 1.000000
0.998300 0.025586 0.052371 0.037200 -0.024684 0.999537 -0.017806 11.271000 -0.052803 0.016483 0.998469 0.102300 0.000000 0.000000 0.000000 1.000000
0.998862 0.001468 0.047669 0.037200 -0.000680 0.999863 -0.016540 11.271000 -0.047687 0.016489 0.998726 0.102300 0.000000 0.000000 0.000000 1.000000
0.999227 -0.014151 0.036670 0.037200 0.014747 0.999763 -0.016019 11.271000 -0.036435 0.016548 0.999199 0.102300 0.000000 0.000000 0.000000 1.000000
0.999650 -0.016367 0.020799 0.037200 0.016728 0.999711 -0.017293 11.271000 -0.020510 0.017635 0.999634 0.102300 0.000000 0.000000 0.000000 1.000000
0.999931 -0.011180 0.003568 0.037200 0.011242 0.999777 -0.017866 11.271000 -0.003368 0.017905 0.999834 0.102300 0.000000 0.000000 0.000000 1.000000
0.999935 -0.002768 -0.011074 0.037200 0.002538 0.999782 -0.020705 11.271000 0.011129 0.020676 0.999724 0.102300 0.000000 0.000000 0.000000 1.000000
0.999712 0.005396 -0.023379 0.037200 -0.006101 0.999526 -0.030173 11.271000 0.023205 0.030307 0.999271 0.102300 0.000000 0.000000 0.000000 1.000000
0.999337 0.009366 -0.035172 0.037200 -0.010961 0.998908 -0.045426 11.271000 0.034708 0.045782 0.998348 0.102300 0.000000 0.000000 0.000000 1.000000
0.998928 0.010287 -0.045137 0.037200 -0.012998 0.998103 -0.060180 11.271000 0.044432 0.060703 0.997166 0.102300 0.000000 0.000000 0.000000 1.000000
0.998592 0.009528 -0.052181 0.037200 -0.013045 0.997636 -0.067474 11.271000 0.051415 0.068060 0.996356 0.102300 0.000000 0.000000 0.000000 1.000000
0.998439 0.008239 -0.055244 0.037200 -0.011697 0.997972 -0.062565 11.271000 0.054617 0.063114 0.996511 0.102300 0.000000 0.000000 0.000000 1.000000
0.998537 0.007153 -0.053591 0.037200 -0.009588 0.998927 -0.045314 11.271000 0.053209 0.045762 0.997534 0.102300 0.000000 0.000000 0.000000 1.000000
0.998864 0.006976 -0.047145 0.037200 -0.007924 0.999770 -0.019943 11.271000 0.046995 0.020294 0.998689 0.102300 0.000000 0.000000 0.000000 1.000000
0.999288 0.008957 -0.036651 0.037200 -0.008696 0.999936 0.007268 11.271000 0.036713 -0.006944 0.999302 0.102300 0.000000 0.000000 0.000000 1.000000
0.999614 0.014829 -0.023485 0.037200 -0.014102 0.999426 0.030816 11.271000 0.023929 -0.030473 0.999249 0.102300 0.000000 0.000000 0.000000 1.000000</float_array><technique_common><accessor source="#Spine1-Matrix-animation-output-transform-array" count="23" stride="16"><param type="float4x4"/></accessor></technique_common></source><source id="Spine1-Interpolations"><Name_array id="Spine1-Interpolations-array" count="23">
 LINEAR LINEAR LINEAR LINEAR LINEAR LINEAR LINEAR LINEAR LINEAR LINEAR LINEAR
LINEAR LINEAR LINEAR LINEAR LINEAR LINEAR LINEAR LINEAR LINEAR LINEAR LINEAR LINEAR</Name_array><technique_common><accessor source="#Spine1-Interpolations-array" count="23"><param type="name"/></accessor></technique_common></source><sampler id="Spine1-Matrix-animation-transform"><input semantic="INPUT" source="#Spine1-Matrix-animation-input"/><input semantic="OUTPUT" source="#Spine1-Matrix-animation-output-transform"/><input semantic="INTERPOLATION" source="#Spine1-Interpolations"/></sampler><channel source="#Spine1-Matrix-animation-transform" target="Spine1/matrix"/></animation>
    <animation id="Spine2-anim" name="Spine2"><source id="Spine2-Matrix-animation-input"><float_array id="Spine2-Matrix-animation-input-array" count="23">

0.000000 0.033333 0.066667 0.100000 0.133333 0.166667 0.200000 0.233333 0.266667 0.300000 0.333333 0.366667 0.400000 0.433333 0.466667 0.500000
0.533333 0.566667 0.600000 0.633333 0.666667 0.700000 0.733333</float_array><technique_common><accessor source="#Spine2-Matrix-animation-input-array" count="23"><param name="TIME" type="float"/></accessor></technique_common></source><source id="Spine2-Matrix-animation-output-transform"><float_array id="Spine2-Matrix-animation-output-transform-array" count="368">

0.999625 0.011893 -0.024669 0.042500 -0.011105 0.999431 0.031843 10.833500 0.025033 -0.031557 0.999188 0.116900 0.000000 0.000000 0.000000 1.000000
0.999653 0.023929 -0.010999 0.042500 -0.023388 0.998621 0.046999 10.833500 0.012109 -0.046725 0.998834 0.116900 0.000000 0.000000 0.000000 1.000000
0.999201 0.039894 0.002390 0.042500 -0.039964 0.997853 0.051877 10.833500 -0.000315 -0.051931 0.998651 0.116900 0.000000 0.000000 0.000000 1.000000
0.998260 0.057108 0.014678 0.042500 -0.057730 0.997263 0.046202 10.833500 -0.011999 -0.046969 0.998824 0.116900 0.000000 0.000000 0.000000 1.000000
0.997159 0.070835 0.025619 0.042500 -0.071635 0.996924 0.031806 10.833500 -0.023287 -0.033550 0.999166 0.116900 0.000000 0.000000 0.000000 1.000000
0.996478 0.076088 0.035251 0.042500 -0.076584 0.996979 0.012956 10.833500 -0.034159 -0.015610 0.999294 0.116900 0.000000 0.000000 0.000000 1.000000
0.996610 0.069896 0.043402 0.042500 -0.069763 0.997553 -0.004571 10.833500 -0.043615 0.001528 0.999047 0.116900 0.000000 0.000000 0.000000 1.000000
0.997384 0.052878 0.049276 0.042500 -0.052161 0.998515 -0.015730 10.833500 -0.050035 0.013119 0.998661 0.116900 0.000000 0.000000 0.000000 1.000000
0.998251 0.029130 0.051434 0.042500 -0.028193 0.999425 -0.018840 10.833500 -0.051953 0.017357 0.998499 0.116900 0.000000 0.000000 0.000000 1.000000
0.998823 0.004702 0.048275 0.042500 -0.003897 0.999852 -0.016748 10.833500 -0.048346 0.016541 0.998694 0.116900 0.000000 0.000000 0.000000 1.000000
0.999200 -0.011704 0.038240 0.042500 0.012309 0.999802 -0.015625 10.833500 -0.038049 0.016083 0.999146 0.116900 0.000000 0.000000 0.000000 1.000000
0.999632 -0.015123 0.022510 0.042500 0.015502 0.999739 -0.016759 10.833500 -0.022250 0.017102 0.999606 0.116900 0.000000 0.000000 0.000000 1.000000
0.999925 -0.011200 0.004939 0.042500 0.011284 0.999784 -0.017478 10.833500 -0.004743 0.017532 0.999835 0.116900 0.000000 0.000000 0.000000 1.000000
0.999938 -0.003680 -0.010488 0.042500 0.003465 0.999784 -0.020499 10.833500 0.010561 0.020461 0.999735 0.116900 0.000000 0.000000 0.000000 1.000000
0.999708 0.003925 -0.023844 0.042500 -0.004641 0.999538 -0.030043 10.833500 0.023715 0.030145 0.999264 0.116900 0.000000 0.000000 0.000000 1.000000
0.999309 0.007373 -0.036435 0.042500 -0.009018 0.998939 -0.045170 10.833500 0.036063 0.045468 0.998315 0.116900 0.000000 0.000000 0.000000 1.000000
0.998870 0.007771 -0.046888 0.042500 -0.010565 0.998165 -0.059628 10.833500 0.046339 0.060056 0.997119 0.116900 0.000000 0.000000 0.000000 1.000000
0.998516 0.006400 -0.054083 0.042500 -0.009998 0.997735 -0.066522 10.833500 0.053535 0.066964 0.996318 0.116900 0.000000 0.000000 0.000000 1.000000
0.998365 0.004426 -0.056991 0.042500 -0.007919 0.998093 -0.061215 10.833500 0.056611 0.061566 0.996496 0.116900 0.000000 0.000000 0.000000 1.000000
0.998483 0.002765 -0.054983 0.042500 -0.005172 0.999032 -0.043675 10.833500 0.054809 0.043894 0.997532 0.116900 0.000000 0.000000 0.000000 1.000000
0.998836 0.002417 -0.048169 0.042500 -0.003299 0.999828 -0.018229 10.833500 0.048116 0.018366 0.998673 0.116900 0.000000 0.000000 0.000000 1.000000
0.999284 0.004872 -0.037529 0.042500 -0.004546 0.999951 0.008780 10.833500 0.037570 -0.008603 0.999257 0.116900 0.000000 0.000000 0.000000 1.000000
0.999625 0.011893 -0.024669 0.042500 -0.011105 0.999431 0.031843 10.833500 0.025034 -0.031557 0.999188 0.116900 0.000000 0.000000 0.000000 1.000000</float_array><technique_common><accessor source="#Spine2-Matrix-animation-output-transform-array" count="23" stride="16"><param type="float4x4"/></accessor></technique_common></source><source id="Spine2-Interpolations"><Name_array id="Spine2-Interpolations-array" count="23">
 LINEAR LINEAR LINEAR LINEAR LINEAR LINEAR LINEAR LINEAR LINEAR LINEAR LINEAR
LINEAR LINEAR LINEAR LINEAR LINEAR LINEAR LINEAR LINEAR LINEAR LINEAR LINEAR LINEAR</Name_array><technique_common><accessor source="#Spine2-Interpolations-array" count="23"><param type="name"/></accessor></technique_common></source><sampler id="Spine2-Matrix-animation-transform"><input semantic="INPUT" source="#Spine2-Matrix-animation-input"/><input semantic="OUTPUT" source="#Spine2-Matrix-animation-output-transform"/><input semantic="INTERPOLATION" source="#Spine2-Interpolations"/></sampler><channel source="#Spine2-Matrix-animation-transform" target="Spine2/matrix"/></animation>
    <animation id="RightShoulder-anim" name="RightShoulder"><source id="RightShoulder-Matrix-animation-input"><float_array id="RightShoulder-Matrix-animation-input-array" count="23">

0.000000 0.033333 0.066667 0.100000 0.133333 0.166667 0.200000 0.233333 0.266667 0.300000 0.333333 0.366667 0.400000 0.433333 0.466667 0.500000
0.533333 0.566667 0.600000 0.633333 0.666667 0.700000 0.733333</float_array><technique_common><accessor source="#RightShoulder-Matrix-animation-input-array" count="23"><param name="TIME" type="float"/></accessor></technique_common></source><source id="RightShoulder-Matrix-animation-output-transform"><float_array id="RightShoulder-Matrix-animation-output-transform-array" count="368">

0.980076 -0.187441 -0.065704 -8.091500 0.187274 0.982269 -0.008751 25.765600 0.066180 -0.003728 0.997801 -8.554100 0.000000 0.000000 0.000000 1.000000
0.981457 -0.169366 -0.089763 -8.091500 0.169810 0.985473 -0.002727 25.765600 0.088921 -0.012566 0.995959 -8.554100 0.000000 0.000000 0.000000 1.000000
0.979628 -0.160652 -0.120495 -8.091500 0.162429 0.986708 0.005007 25.765600 0.118089 -0.024477 0.992701 -8.554100 0.000000 0.000000 0.000000 1.000000
0.974505 -0.164419 -0.152665 -8.091500 0.168184 0.985683 0.011997 25.765600 0.148507 -0.037367 0.988205 -8.554100 0.000000 0.000000 0.000000 1.000000
0.966873 -0.179200 -0.181780 -8.091500 0.185141 0.982580 0.016116 25.765600 0.175725 -0.049237 0.983207 -8.554100 0.000000 0.000000 0.000000 1.000000
0.958318 -0.199644 -0.204372 -8.091500 0.207349 0.978123 0.016784 25.765600 0.196550 -0.058461 0.978749 -8.554100 0.000000 0.000000 0.000000 1.000000
0.951230 -0.218496 -0.217766 -8.091500 0.227126 0.973748 0.015102 25.765600 0.208749 -0.063826 0.975884 -8.554100 0.000000 0.000000 0.000000 1.000000
0.948242 -0.228860 -0.220137 -8.091500 0.237448 0.971313 0.013007 25.765600 0.210845 -0.064605 0.975382 -8.554100 0.000000 0.000000 0.000000 1.000000
0.950959 -0.226197 -0.210979 -8.091500 0.233903 0.972186 0.011971 25.765600 0.202403 -0.060733 0.977417 -8.554100 0.000000 0.000000 0.000000 1.000000
0.958914 -0.209493 -0.191301 -8.091500 0.215717 0.976381 0.012074 25.765600 0.184253 -0.052845 0.981457 -8.554100 0.000000 0.000000 0.000000 1.000000
0.968773 -0.184288 -0.165881 -8.091500 0.188860 0.981930 0.012087 25.765600 0.160656 -0.043038 0.986072 -8.554100 0.000000 0.000000 0.000000 1.000000
0.976334 -0.161869 -0.143424 -8.091500 0.165147 0.986206 0.011177 25.765600 0.139636 -0.034598 0.989598 -8.554100 0.000000 0.000000 0.000000 1.000000
0.981259 -0.145591 -0.126227 -8.091500 0.147980 0.988943 0.009712 25.765600 0.123417 -0.028209 0.991954 -8.554100 0.000000 0.000000 0.000000 1.000000
0.982470 -0.143644 -0.118826 -8.091500 0.145668 0.989297 0.008476 25.765600 0.116337 -0.025636 0.992879 -8.554100 0.000000 0.000000 0.000000 1.000000
0.981339 -0.154131 -0.114966 -8.091500 0.155928 0.987745 0.006748 25.765600 0.112518 -0.024549 0.993346 -8.554100 0.000000 0.000000 0.000000 1.000000
0.980389 -0.167471 -0.103879 -8.091500 0.168716 0.985659 0.003259 25.765600 0.101843 -0.020721 0.994585 -8.554100 0.000000 0.000000 0.000000 1.000000
0.978413 -0.186456 -0.089122 -8.091500 0.187086 0.982343 -0.001305 25.765600 0.087792 -0.015396 0.996020 -8.554100 0.000000 0.000000 0.000000 1.000000
0.975433 -0.207854 -0.072993 -8.091500 0.207981 0.978115 -0.005939 25.765600 0.072630 -0.009388 0.997315 -8.554100 0.000000 0.000000 0.000000 1.000000
0.972589 -0.225165 -0.058060 -8.091500 0.224983 0.974314 -0.009730 25.765600 0.058760 -0.003599 0.998266 -8.554100 0.000000 0.000000 0.000000 1.000000
0.971549 -0.232043 -0.047427 -8.091500 0.231723 0.972705 -0.012204 25.765600 0.048964 0.000867 0.998800 -8.554100 0.000000 0.000000 0.000000 1.000000
0.973178 -0.225757 -0.044261 -8.091500 0.225392 0.974180 -0.013134 25.765600 0.046083 0.002805 0.998934 -8.554100 0.000000 0.000000 0.000000 1.000000
0.976671 -0.208725 -0.050468 -8.091500 0.208376 0.977973 -0.012132 25.765600 0.051888 0.001333 0.998652 -8.554100 0.000000 0.000000 0.000000 1.000000
0.980076 -0.187441 -0.065704 -8.091500 0.187274 0.982269 -0.008751 25.765600 0.066180 -0.003728 0.997801 -8.554100 0.000000 0.000000 0.000000 1.000000</float_array><technique_common><accessor source="#RightShoulder-Matrix-animation-output-transform-array" count="23" stride="16"><param type="float4x4"/></accessor></technique_common></source><source id="RightShoulder-Interpolations"><Name_array id="RightShoulder-Interpolations-array" count="23">
 LINEAR LINEAR LINEAR LINEAR LINEAR LINEAR LINEAR LINEAR LINEAR LINEAR LINEAR
LINEAR LINEAR LINEAR LINEAR LINEAR LINEAR LINEAR LINEAR LINEAR LINEAR LINEAR LINEAR</Name_array><technique_common><accessor source="#RightShoulder-Interpolations-array" count="23"><param type="name"/></accessor></technique_common></source><sampler id="RightShoulder-Matrix-animation-transform"><input semantic="INPUT" source="#RightShoulder-Matrix-animation-input"/><input semantic="OUTPUT" source="#RightShoulder-Matrix-animation-output-transform"/><input semantic="INTERPOLATION" source="#RightShoulder-Interpolations"/></sampler><channel source="#RightShoulder-Matrix-animation-transform" target="RightShoulder/matrix"/></animation>
    <animation id="RightArm-anim" name="RightArm"><source id="RightArm-Matrix-animation-input"><float_array id="RightArm-Matrix-animation-input-array" count="23">

0.000000 0.033333 0.066667 0.100000 0.133333 0.166667 0.200000 0.233333 0.266667 0.300000 0.333333 0.366667 0.400000 0.433333 0.466667 0.500000
0.533333 0.566667 0.600000 0.633333 0.666667 0.700000 0.733333</float_array><technique_common><accessor source="#RightArm-Matrix-animation-input-array" count="23"><param name="TIME" type="float"/></accessor></technique_common></source><source id="RightArm-Matrix-animation-output-transform"><float_array id="RightArm-Matrix-animation-output-transform-array" count="368">

0.217147 -0.899092 0.380106 -16.797300 0.262004 0.428792 0.864576 -5.746200 -0.940320 -0.088150 0.328677 -3.882900 0.000000 0.000000 0.000000 1.000000
0.223662 -0.848088 0.480336 -16.797300 0.236225 0.525295 0.817473 -5.746200 -0.945607 -0.069370 0.317829 -3.882900 0.000000 0.000000 0.000000 1.000000
0.229769 -0.806021 0.545470 -16.797300 0.227771 0.589434 0.775041 -5.746200 -0.946217 -0.053838 0.319021 -3.882900 0.000000 0.000000 0.000000 1.000000
0.241966 -0.780178 0.576867 -16.797300 0.243806 0.624346 0.742126 -5.746200 -0.939155 -0.038926 0.341282 -3.882900 0.000000 0.000000 0.000000 1.000000
0.268578 -0.774297 0.573000 -16.797300 0.282137 0.632003 0.721783 -5.746200 -0.921013 -0.032191 0.388200 -3.882900 0.000000 0.000000 0.000000 1.000000
0.310608 -0.789728 0.529011 -16.797300 0.332867 0.611668 0.717678 -5.746200 -0.890350 -0.046826 0.452863 -3.882900 0.000000 0.000000 0.000000 1.000000
0.358023 -0.823317 0.440418 -16.797300 0.387333 0.560145 0.732264 -5.746200 -0.849584 -0.091579 0.519443 -3.882900 0.000000 0.000000 0.000000 1.000000
0.394770 -0.865421 0.308551 -16.797300 0.444262 0.473757 0.760385 -5.746200 -0.804231 -0.163100 0.571498 -3.882900 0.000000 0.000000 0.000000 1.000000
0.407503 -0.901465 0.145948 -16.797300 0.506923 0.356235 0.784937 -5.746200 -0.759585 -0.245880 0.602141 -3.882900 0.000000 0.000000 0.000000 1.000000
0.390981 -0.920174 -0.020341 -16.797300 0.576654 0.227675 0.784624 -5.746200 -0.717359 -0.318503 0.619638 -3.882900 0.000000 0.000000 0.000000 1.000000
0.352374 -0.924212 -0.147191 -16.797300 0.649627 0.128342 0.749342 -5.746200 -0.673660 -0.359668 0.645617 -3.882900 0.000000 0.000000 0.000000 1.000000
0.309322 -0.924132 -0.224277 -16.797300 0.714840 0.070421 0.695733 -5.746200 -0.627155 -0.375528 0.682389 -3.882900 0.000000 0.000000 0.000000 1.000000
0.268848 -0.921463 -0.280402 -16.797300 0.768695 0.029853 0.638918 -5.746200 -0.580369 -0.387316 0.716351 -3.882900 0.000000 0.000000 0.000000 1.000000
0.250820 -0.913152 -0.321315 -16.797300 0.799218 0.008053 0.600987 -5.746200 -0.546205 -0.407541 0.731827 -3.882900 0.000000 0.000000 0.000000 1.000000
0.256738 -0.906439 -0.335341 -16.797300 0.800352 0.004898 0.599510 -5.746200 -0.541777 -0.422308 0.726728 -3.882900 0.000000 0.000000 0.000000 1.000000
0.263367 -0.911425 -0.316137 -16.797300 0.777176 0.006312 0.629252 -5.746200 -0.571520 -0.411418 0.710000 -3.882900 0.000000 0.000000 0.000000 1.000000
0.265961 -0.926476 -0.266284 -16.797300 0.728032 0.011988 0.685438 -5.746200 -0.631850 -0.376163 0.677692 -3.882900 0.000000 0.000000 0.000000 1.000000
0.261061 -0.946281 -0.190786 -16.797300 0.654807 0.028376 0.755263 -5.746200 -0.709277 -0.322098 0.627040 -3.882900 0.000000 0.000000 0.000000 1.000000
0.249434 -0.963639 -0.095824 -16.797300 0.564325 0.064229 0.823050 -5.746200 -0.786969 -0.259372 0.559827 -3.882900 0.000000 0.000000 0.000000 1.000000
0.235019 -0.971897 0.013494 -16.797300 0.468055 0.125328 0.874767 -5.746200 -0.851875 -0.199271 0.484355 -3.882900 0.000000 0.000000 0.000000 1.000000
0.222401 -0.965850 0.132932 -16.797300 0.378766 0.211232 0.901065 -5.746200 -0.898373 -0.150048 0.412810 -3.882900 0.000000 0.000000 0.000000 1.000000
0.215412 -0.941914 0.257673 -16.797300 0.307594 0.315883 0.897554 -5.746200 -0.926814 -0.114085 0.357772 -3.882900 0.000000 0.000000 0.000000 1.000000
0.217147 -0.899092 0.380106 -16.797300 0.262004 0.428793 0.864575 -5.746200 -0.940320 -0.088150 0.328677 -3.882900 0.000000 0.000000 0.000000 1.000000</float_array><technique_common><accessor source="#RightArm-Matrix-animation-output-transform-array" count="23" stride="16"><param type="float4x4"/></accessor></technique_common></source><source id="RightArm-Interpolations"><Name_array id="RightArm-Interpolations-array" count="23">
 LINEAR LINEAR LINEAR LINEAR LINEAR LINEAR LINEAR LINEAR LINEAR LINEAR LINEAR
LINEAR LINEAR LINEAR LINEAR LINEAR LINEAR LINEAR LINEAR LINEAR LINEAR LINEAR LINEAR</Name_array><technique_common><accessor source="#RightArm-Interpolations-array" count="23"><param type="name"/></accessor></technique_common></source><sampler id="RightArm-Matrix-animation-transform"><input semantic="INPUT" source="#RightArm-Matrix-animation-input"/><input semantic="OUTPUT" source="#RightArm-Matrix-animation-output-transform"/><input semantic="INTERPOLATION" source="#RightArm-Interpolations"/></sampler><channel source="#RightArm-Matrix-animation-transform" target="RightArm/matrix"/></animation>
    <animation id="RightForeArm-anim" name="RightForeArm"><source id="RightForeArm-Matrix-animation-input"><float_array id="RightForeArm-Matrix-animation-input-array" count="23">

0.000000 0.033333 0.066667 0.100000 0.133333 0.166667 0.200000 0.233333 0.266667 0.300000 0.333333 0.366667 0.400000 0.433333 0.466667 0.500000
0.533333 0.566667 0.600000 0.633333 0.666667 0.700000 0.733333</float_array><technique_common><accessor source="#RightForeArm-Matrix-animation-input-array" count="23"><param name="TIME" type="float"/></accessor></technique_common></source><source id="RightForeArm-Matrix-animation-output-transform"><float_array id="RightForeArm-Matrix-animation-output-transform-array" count="368">

0.949029 0.022531 0.314384 -26.183201 0.013137 0.993748 -0.110874 0.226400 -0.314916 0.109353 0.942799 -1.783800 0.000000 0.000000 0.000000 1.000000
0.946610 0.023221 0.321545 -26.183201 0.013987 0.993505 -0.112925 0.226400 -0.322079 0.111393 0.940137 -1.783800 0.000000 0.000000 0.000000 1.000000
0.948069 0.022805 0.317247 -26.183201 0.013474 0.993651 -0.111694 0.226400 -0.317780 0.110169 0.941743 -1.783800 0.000000 0.000000 0.000000 1.000000
0.952330 0.021589 0.304305 -26.183201 0.011970 0.994080 -0.107987 0.226400 -0.304835 0.106482 0.946434 -1.783800 0.000000 0.000000 0.000000 1.000000
0.958003 0.019970 0.286063 -26.183201 0.009948 0.994657 -0.102754 0.226400 -0.286586 0.101284 0.952686 -1.783800 0.000000 0.000000 0.000000 1.000000
0.963981 0.018265 0.265342 -26.183201 0.007787 0.995273 -0.096800 0.226400 -0.265856 0.095380 0.959283 -1.783800 0.000000 0.000000 0.000000 1.000000
0.969604 0.016659 0.244110 -26.183201 0.005722 0.995863 -0.090689 0.226400 -0.244611 0.089329 0.965498 -1.783800 0.000000 0.000000 0.000000 1.000000
0.974603 0.015233 0.223422 -26.183201 0.003849 0.996397 -0.084725 0.226400 -0.223907 0.083433 0.971033 -1.783800 0.000000 0.000000 0.000000 1.000000
0.978870 0.014014 0.204005 -26.183201 0.002217 0.996863 -0.079117 0.226400 -0.204474 0.077897 0.975768 -1.783800 0.000000 0.000000 0.000000 1.000000
0.982209 0.013061 0.187334 -26.183201 0.000910 0.997236 -0.074296 0.226400 -0.187787 0.073144 0.979483 -1.783800 0.000000 0.000000 0.000000 1.000000
0.984543 0.012394 0.174702 -26.183201 -0.000023 0.997502 -0.070638 0.226400 -0.175141 0.069543 0.982084 -1.783800 0.000000 0.000000 0.000000 1.000000
0.986334 0.011882 0.164326 -26.183201 -0.000752 0.997710 -0.067632 0.226400 -0.164754 0.066584 0.984085 -1.783800 0.000000 0.000000 0.000000 1.000000
0.987938 0.011425 0.154429 -26.183201 -0.001417 0.997900 -0.064762 0.226400 -0.154845 0.063762 0.985879 -1.783800 0.000000 0.000000 0.000000 1.000000
0.987814 0.011459 0.155217 -26.183201 -0.001364 0.997885 -0.064990 0.226400 -0.155634 0.063987 0.985740 -1.783800 0.000000 0.000000 0.000000 1.000000
0.984452 0.012420 0.175214 -26.183201 0.000014 0.997491 -0.070787 0.226400 -0.175654 0.069689 0.981982 -1.783800 0.000000 0.000000 0.000000 1.000000
0.978711 0.014059 0.204760 -26.183201 0.002278 0.996845 -0.079335 0.226400 -0.205230 0.078113 0.975592 -1.783800 0.000000 0.000000 0.000000 1.000000
0.972619 0.015799 0.231867 -26.183201 0.004597 0.996184 -0.087161 0.226400 -0.232360 0.085840 0.968835 -1.783800 0.000000 0.000000 0.000000 1.000000
0.967475 0.017267 0.252377 -26.183201 0.006509 0.995638 -0.093070 0.226400 -0.252884 0.091686 0.963143 -1.783800 0.000000 0.000000 0.000000 1.000000
0.963522 0.018395 0.266995 -26.183201 0.007955 0.995226 -0.097276 0.226400 -0.267510 0.095851 0.958776 -1.783800 0.000000 0.000000 0.000000 1.000000
0.960260 0.019326 0.278438 -26.183201 0.009137 0.994889 -0.100565 0.226400 -0.278958 0.099112 0.955175 -1.783800 0.000000 0.000000 0.000000 1.000000
0.957023 0.020249 0.289304 -26.183201 0.010300 0.994557 -0.103684 0.226400 -0.289829 0.102208 0.951605 -1.783800 0.000000 0.000000 0.000000 1.000000
0.953302 0.021311 0.301266 -26.183201 0.011626 0.994179 -0.107116 0.226400 -0.301795 0.105616 0.947505 -1.783800 0.000000 0.000000 0.000000 1.000000
0.949029 0.022531 0.314384 -26.183201 0.013137 0.993748 -0.110874 0.226400 -0.314916 0.109353 0.942799 -1.783800 0.000000 0.000000 0.000000 1.000000</float_array><technique_common><accessor source="#RightForeArm-Matrix-animation-output-transform-array" count="23" stride="16"><param type="float4x4"/></accessor></technique_common></source><source id="RightForeArm-Interpolations"><Name_array id="RightForeArm-Interpolations-array" count="23">
 LINEAR LINEAR LINEAR LINEAR LINEAR LINEAR LINEAR LINEAR LINEAR LINEAR LINEAR
LINEAR LINEAR LINEAR LINEAR LINEAR LINEAR LINEAR LINEAR LINEAR LINEAR LINEAR LINEAR</Name_array><technique_common><accessor source="#RightForeArm-Interpolations-array" count="23"><param type="name"/></accessor></technique_common></source><sampler id="RightForeArm-Matrix-animation-transform"><input semantic="INPUT" source="#RightForeArm-Matrix-animation-input"/><input semantic="OUTPUT" source="#RightForeArm-Matrix-animation-output-transform"/><input semantic="INTERPOLATION" source="#RightForeArm-Interpolations"/></sampler><channel source="#RightForeArm-Matrix-animation-transform" target="RightForeArm/matrix"/></animation>
    <animation id="RightHand-anim" name="RightHand"><source id="RightHand-Matrix-animation-input"><float_array id="RightHand-Matrix-animation-input-array" count="23">

0.000000 0.033333 0.066667 0.100000 0.133333 0.166667 0.200000 0.233333 0.266667 0.300000 0.333333 0.366667 0.400000 0.433333 0.466667 0.500000
0.533333 0.566667 0.600000 0.633333 0.666667 0.700000 0.733333</float_array><technique_common><accessor source="#RightHand-Matrix-animation-input-array" count="23"><param name="TIME" type="float"/></accessor></technique_common></source><source id="RightHand-Matrix-animation-output-transform"><float_array id="RightHand-Matrix-animation-output-transform-array" count="368">

0.851748 -0.223265 0.474003 -28.289301 -0.023917 0.887158 0.460847 0.000000 -0.523406 -0.403862 0.750295 0.000000 0.000000 0.000000 0.000000 1.000000
0.821398 -0.235455 0.519486 -28.289301 -0.070704 0.861751 0.502381 0.000000 -0.565956 -0.449384 0.691193 0.000000 0.000000 0.000000 0.000000 1.000000
0.807179 -0.250271 0.534628 -28.289301 -0.085501 0.846559 0.525383 0.000000 -0.584082 -0.469789 0.661926 0.000000 0.000000 0.000000 0.000000 1.000000
0.807486 -0.266568 0.526220 -28.289301 -0.072235 0.840672 0.536705 0.000000 -0.585447 -0.471394 0.659575 0.000000 0.000000 0.000000 0.000000 1.000000
0.818389 -0.286942 0.497899 -28.289301 -0.037603 0.837821 0.544648 0.000000 -0.573433 -0.464457 0.674874 0.000000 0.000000 0.000000 0.000000 1.000000
0.835054 -0.314918 0.451122 -28.289301 0.012880 0.830938 0.556217 0.000000 -0.550017 -0.458661 0.697934 0.000000 0.000000 0.000000 0.000000 1.000000
0.852064 -0.351197 0.388133 -28.289301 0.074834 0.815624 0.573723 0.000000 -0.518060 -0.459803 0.721245 0.000000 0.000000 0.000000 0.000000 1.000000
0.864662 -0.391863 0.314330 -28.289301 0.143338 0.792153 0.593251 0.000000 -0.481471 -0.467906 0.741114 0.000000 0.000000 0.000000 0.000000 1.000000
0.870501 -0.429951 0.239520 -28.289301 0.211558 0.766294 0.606660 0.000000 -0.444377 -0.477426 0.758020 0.000000 0.000000 0.000000 0.000000 1.000000
0.870476 -0.459149 0.177350 -28.289301 0.270924 0.747768 0.606171 0.000000 -0.410940 -0.479609 0.775309 0.000000 0.000000 0.000000 0.000000 1.000000
0.870627 -0.470905 0.142331 -28.289301 0.308956 0.748542 0.586712 0.000000 -0.382826 -0.466833 0.797189 0.000000 0.000000 0.000000 0.000000 1.000000
0.879728 -0.458822 0.124743 -28.289301 0.324295 0.770855 0.548285 0.000000 -0.347724 -0.441888 0.826936 0.000000 0.000000 0.000000 0.000000 1.000000
0.894866 -0.433983 0.104274 -28.289301 0.329976 0.800584 0.500181 0.000000 -0.300550 -0.413187 0.859620 0.000000 0.000000 0.000000 0.000000 1.000000
0.912099 -0.403275 0.073784 -28.289301 0.330767 0.830206 0.448722 0.000000 -0.242215 -0.384874 0.890620 0.000000 0.000000 0.000000 0.000000 1.000000
0.929133 -0.366697 0.047381 -28.289301 0.321933 0.865342 0.384113 0.000000 -0.181854 -0.341638 0.922070 -0.000000 0.000000 0.000000 0.000000 1.000000
0.942826 -0.330675 0.041639 -28.289301 0.302691 0.901858 0.308270 0.000000 -0.139490 -0.278041 0.950387 0.000000 0.000000 0.000000 0.000000 1.000000
0.953064 -0.297473 0.056387 -28.289301 0.275894 0.929978 0.242945 0.000000 -0.124708 -0.215986 0.968400 0.000000 0.000000 0.000000 0.000000 1.000000
0.959163 -0.266507 0.094767 -28.289301 0.242811 0.947638 0.207423 0.000000 -0.145085 -0.175942 0.973650 0.000000 0.000000 0.000000 0.000000 1.000000
0.958262 -0.238865 0.157093 -28.289301 0.203541 0.955873 0.211844 0.000000 -0.200763 -0.171027 0.964595 0.000000 0.000000 0.000000 0.000000 1.000000
0.946465 -0.218966 0.237189 -28.289301 0.156960 0.954226 0.254591 -0.000000 -0.282079 -0.203732 0.937510 0.000000 0.000000 0.000000 0.000000 1.000000
0.922397 -0.211173 0.323404 -28.289301 0.102132 0.940853 0.323054 0.000000 -0.372496 -0.264955 0.889408 0.000000 0.000000 0.000000 0.000000 1.000000
0.888993 -0.214621 0.404511 -28.289301 0.040201 0.916532 0.397935 -0.000000 -0.456152 -0.337500 0.823419 0.000000 0.000000 0.000000 0.000000 1.000000
